Describe()

         Frottala      Phrase    Measures       Notes    Duration   Syllables
count  348.000000  348.000000  348.000000  348.000000  348.000000  348.000000
mean    30.212644    3.568966    4.683908   13.554598   42.120690    9.925287
std     17.536645    1.971954    2.934064    6.963876   26.468781    4.388897
min      1.000000    1.000000    0.000000    0.000000    0.000000    1.000000
25%     15.750000    2.000000    3.000000    9.000000   26.000000    8.000000
50%     30.000000    3.000000    4.000000   12.000000   34.000000    8.000000
75%     43.000000    5.000000    6.000000   16.000000   50.000000   11.000000
max     62.000000    9.000000   20.000000   49.000000  204.000000   34.000000