Describe()

         Frottala     Section     Phrases    Measures       Notes    Duration   Syllables
count  151.000000  151.000000  151.000000  151.000000  151.000000  151.000000  151.000000
mean    29.443709    2.059603    1.894040   10.794702   31.238411   97.072848   22.874172
std     17.731191    1.144446    1.138141    6.558778   18.170565   70.748296   12.096999
min      1.000000    1.000000    0.000000    1.000000    7.000000   22.000000    7.000000
25%     15.500000    1.000000    1.000000    6.000000   20.000000   48.000000   16.000000
50%     28.000000    2.000000    2.000000    9.000000   26.000000   88.000000   18.000000
75%     42.000000    3.000000    2.000000   13.000000   38.000000  112.000000   29.000000
max     62.000000    6.000000    6.000000   34.000000  134.000000  540.000000   89.000000